107
87
99
79
123
71
115
95
52
12
100
60
20
111
80
86
78
102
30
54
4
45
72
84
11
103
6
21
82
112
121
65
15
110
118
32
61
38
14
10
46
67
116
31
113
94
93
51
69
53
41
114
36
18
91
122
20
16
99
63
8
76
98
107
83
71
108
88
100
85
66
33
103
80
74
42
54
19
87
4
105
102
77
27
22
89
65
21
25
111
0
123
48
120
76
110
115
26
41
32
127
118
84
47
94
24
70
10
59
15
51
90
7
83
75
108
8
1
102
28
53
9
99
114
78
107
88
68
